Starting the simulation...

(:,:,1) =

     5    10    15    20    25    30
     5    10    15    20    25    30
     5    10    15    20    25    30
     5    10    15    20    25    30
     5    10    15    20    25    30
     5    10    15    20    25    30
     5    10    15    20    25    30
     5    10    15    20    25    30
     5    10    15    20    25    30
     5    10    15    20    25    30


(:,:,2) =

   20.7214   28.1438   32.2485   35.1368   37.8197   39.4582
   10.4737   14.1956   16.4459   18.0990   19.3875   20.4470
    7.1150    9.7003   11.3349   12.5315   13.5301   14.3429
    5.4250    7.5789    8.9229    9.9665   10.7741   11.4732
    4.5087    6.3073    7.5607    8.4547    9.1313    9.7722
    3.9105    5.5579    6.6317    7.4629    8.1138    8.6859
    3.5219    5.0142    6.0720    6.7567    7.4135    7.9480
    3.2790    4.6273    5.6436    6.1897    6.9071    7.3235
    3.1170    4.3094    5.3104    5.6662    6.4604    6.7566
    3.0000    4.0000    5.0000    5.0000    6.0000    6.0000


(:,:,3) =

   11.1538   11.8977   11.7840   11.9823   12.2681   12.0541
    5.2634    5.4951    5.5610    5.6761    5.6817    5.6629
    3.3355    3.4696    3.4808    3.4543    3.5452    3.5354
    2.2692    2.3901    2.4221    2.4967    2.4667    2.4953
    1.6631    1.7026    1.8202    1.8144    1.8067    1.8231
    1.1835    1.3094    1.3545    1.3921    1.3640    1.3895
    0.8346    0.9986    1.0227    1.0641    1.0487    1.0720
    0.5870    0.7649    0.7766    0.8278    0.8197    0.8335
    0.3557    0.5443    0.5373    0.6476    0.6144    0.6351
         0         0         0         0         0         0


(:,:,4) =

    0.2231    0.2380    0.2357    0.2396    0.2454    0.2411
    0.1053    0.1099    0.1112    0.1135    0.1136    0.1133
    0.0667    0.0694    0.0696    0.0691    0.0709    0.0707
    0.0454    0.0478    0.0484    0.0499    0.0493    0.0499
    0.0333    0.0341    0.0364    0.0363    0.0361    0.0365
    0.0237    0.0262    0.0271    0.0278    0.0273    0.0278
    0.0167    0.0200    0.0205    0.0213    0.0210    0.0214
    0.0117    0.0153    0.0155    0.0166    0.0164    0.0167
    0.0071    0.0109    0.0107    0.0130    0.0123    0.0127
         0         0         0         0         0         0
