3,3,2,0.5,0.5,6.0
0:00:00.064490
3,3,3,0.5,0.5,11.333333333333332
0:00:00.065175
3,3,4,0.5,0.5,12.451499118165781
0:00:00.085243
3,3,5,0.5,0.5,15.550375729362877
0:00:00.098087
3,3,6,0.5,0.5,16.565731973078773
0:00:00.127535
3,3,7,0.5,0.5,17.929948211456733
0:00:00.165879
3,3,8,0.5,0.5,18.718989958870015
0:00:00.248632
3,3,9,0.5,0.5,20.016044941076213
0:00:00.374926
3,3,10,0.5,0.5,20.920878777636457
0:00:00.512626
3,3,11,0.5,0.5,21.7436092064268
0:00:01.015085
3,3,12,0.5,0.5,22.507684858115418
0:00:02.570947
3,3,13,0.5,0.5,23.19163665634865
0:00:07.247674
3,3,14,0.5,0.5,23.880860209249043
0:00:19.509669
3,3,15,0.5,0.5,24.47750735807288
0:00:50.914804
3,3,16,0.5,0.5,25.102623021210444
0:02:14.863527
3,3,17,0.5,0.5,25.653613024215716
0:05:54.374708
3,3,18,0.5,0.5,26.188942985328207
0:15:28.452019
3,3,19,0.5,0.5,26.679422300058725
0:40:10.899521
3,3,20,0.5,0.5,27.15099414958951
1:42:12.888436
3,3,21,0.5,0.5,27.597718214498396
4:14:30.382187
