2 2 5 1 1
2 2 5 1 0.75
2 2 5 1 0.5
2 2 5 1 0.25
2 2 5 1 0.1
2 2 5 0.75 1
2 2 5 0.75 0.75
2 2 5 0.75 0.5
2 2 5 0.75 0.25
2 2 5 0.75 0.1
2 2 5 0.5 1
2 2 5 0.5 0.75
2 2 5 0.5 0.5
2 2 5 0.5 0.25
2 2 5 0.5 0.1
2 2 5 0.25 1
2 2 5 0.25 0.75
2 2 5 0.25 0.5
2 2 5 0.25 0.25
2 2 5 0.25 0.1
2 2 5 0.1 1
2 2 5 0.1 0.75
2 2 5 0.1 0.5
2 2 5 0.1 0.25
2 2 5 0.1 0.1
2 2 6 1 1
2 2 6 1 0.75
2 2 6 1 0.5
2 2 6 1 0.25
2 2 6 1 0.1
2 2 6 0.75 1
2 2 6 0.75 0.75
2 2 6 0.75 0.5
2 2 6 0.75 0.25
2 2 6 0.75 0.1
2 2 6 0.5 1
2 2 6 0.5 0.75
2 2 6 0.5 0.5
2 2 6 0.5 0.25
2 2 6 0.5 0.1
2 2 6 0.25 1
2 2 6 0.25 0.75
2 2 6 0.25 0.5
2 2 6 0.25 0.25
2 2 6 0.25 0.1
2 2 6 0.1 1
2 2 6 0.1 0.75
2 2 6 0.1 0.5
2 2 6 0.1 0.25
2 2 6 0.1 0.1
2 2 7 1 1
2 2 7 1 0.75
2 2 7 1 0.5
2 2 7 1 0.25
2 2 7 1 0.1
2 2 7 0.75 1
2 2 7 0.75 0.75
2 2 7 0.75 0.5
2 2 7 0.75 0.25
2 2 7 0.75 0.1
2 2 7 0.5 1
2 2 7 0.5 0.75
2 2 7 0.5 0.5
2 2 7 0.5 0.25
2 2 7 0.5 0.1
2 2 7 0.25 1
2 2 7 0.25 0.75
2 2 7 0.25 0.5
2 2 7 0.25 0.25
2 2 7 0.25 0.1
2 2 7 0.1 1
2 2 7 0.1 0.75
2 2 7 0.1 0.5
2 2 7 0.1 0.25
2 2 7 0.1 0.1
2 2 8 1 1
2 2 8 1 0.75
2 2 8 1 0.5
2 2 8 1 0.25
2 2 8 1 0.1
2 2 8 0.75 1
2 2 8 0.75 0.75
2 2 8 0.75 0.5
2 2 8 0.75 0.25
2 2 8 0.75 0.1
2 2 8 0.5 1
2 2 8 0.5 0.75
2 2 8 0.5 0.5
2 2 8 0.5 0.25
2 2 8 0.5 0.1
2 2 8 0.25 1
2 2 8 0.25 0.75
2 2 8 0.25 0.5
2 2 8 0.25 0.25
2 2 8 0.25 0.1
2 2 8 0.1 1
2 2 8 0.1 0.75
2 2 8 0.1 0.5
2 2 8 0.1 0.25
2 2 8 0.1 0.1